1511.13
1   1   297.33   196   0 96 98 88 100 19 7 18 85 46 27 6 93 13 52 0 
1   2   224.68   188   0 84 94 48 91 14 43 15 95 31 59 42 92 0 
1   3   176.63   195   0 49 64 11 62 63 90 32 10 87 97 37 61 60 83 0 
1   4   160.64   186   0 82 47 36 8 45 17 86 16 44 38 57 2 99 0 
1   5   28.08   41   0 89 5 0 
2   1   205.78   198   0 77 80 35 78 30 33 29 79 72 74 22 75 73 21 53 0 
2   2   202.83   200   0 28 70 69 50 51 34 76 40 41 56 23 67 39 54 0 
2   3   170.59   195   0 12 26 58 4 25 55 24 71 65 66 20 9 81 0 
2   4   44.57   59   0 1 3 68 0 
